270
-0.18518518518518517 -0.07407407407407407 -0.12962962962962962 -0.07407407407407407 -0.018518518518518517 0.0 -0.2222222222222222 -0.16666666666666666 -0.24074074074074073 -0.05555555555555555 -0.18518518518518517 -0.2037037037037037 -0.07407407407407407 -0.05555555555555555 -0.07407407407407407 -0.12962962962962962 -0.3148148148148148 -0.05555555555555555 -0.1111111111111111 -0.3148148148148148 -0.12962962962962962 -0.1111111111111111 -0.2777777777777778 -0.1111111111111111 -0.1111111111111111 -0.14814814814814814 -0.09259259259259259 0.7037037037037037 -0.1111111111111111 0.6481481481481481 0.0 -0.25925925925925924 -0.18518518518518517 0.7222222222222222 0.7962962962962963 0.6111111111111112 -0.05555555555555555 -0.16666666666666666 -0.09259259259259259 -0.12962962962962962 -0.1111111111111111 -0.12962962962962962 0.0 -0.05555555555555555 -0.018518518518518517 -0.14814814814814814 -0.2037037037037037 0.6666666666666667 -0.12962962962962962 -0.09259259259259259 -0.14814814814814814 -0.12962962962962962 0.7037037037037037 -0.2222222222222222 -0.1111111111111111 0.6851851851851851 -0.07407407407407407 0.0 0.0 -0.05555555555555555 -0.05555555555555555 -0.2037037037037037 -0.05555555555555555 0.7037037037037037 -0.09259259259259259 0.4629629629629629
-0.07407407407407407 -0.02962962962962963 -0.05185185185185185 -0.02962962962962963 -0.007407407407407408 0.0 -0.08888888888888889 -0.06666666666666667 -0.0962962962962963 0.9777777777777777 -0.07407407407407407 -0.08148148148148149 -0.02962962962962963 0.9777777777777777 -0.02962962962962963 -0.05185185185185185 -0.1259259259259259 0.9777777777777777 -0.044444444444444446 -0.1259259259259259 -0.05185185185185185 -0.044444444444444446 -0.1111111111111111 0.9555555555555556 -0.044444444444444446 -0.05925925925925926 -0.037037037037037035 -0.11851851851851852 -0.044444444444444446 -0.14074074074074075 0.0 -0.1037037037037037 -0.07407407407407407 -0.1111111111111111 -0.08148148148148149 -0.15555555555555556 -0.022222222222222223 -0.06666666666666667 -0.037037037037037035 -0.05185185185185185 -0.044444444444444446 -0.05185185185185185 0.0 -0.022222222222222223 -0.007407407407407408 -0.05925925925925926 -0.08148148148148149 -0.13333333333333333 -0.05185185185185185 -0.037037037037037035 -0.05925925925925926 -0.05185185185185185 -0.11851851851851852 -0.08888888888888889 -0.044444444444444446 -0.1259259259259259 -0.02962962962962963 0.0 0.0 -0.022222222222222223 -0.022222222222222223 -0.08148148148148149 -0.022222222222222223 -0.11851851851851852 -0.037037037037037035 -0.21481481481481482
-0.12962962962962962 -0.05185185185185185 -0.09074074074074075 -0.05185185185185185 -0.012962962962962963 0.0 0.8444444444444444 -0.11666666666666667 -0.1685185185185185 -0.03888888888888889 -0.12962962962962962 -0.1425925925925926 -0.05185185185185185 -0.03888888888888889 -0.05185185185185185 -0.09074074074074075 -0.22037037037037038 -0.03888888888888889 0.9222222222222223 0.7796296296296297 -0.09074074074074075 -0.07777777777777778 -0.19444444444444445 -0.07777777777777778 -0.07777777777777778 -0.1037037037037037 -0.06481481481481481 0.7925925925925926 -0.07777777777777778 -0.2462962962962963 0.0 -0.1814814814814815 -0.12962962962962962 -0.19444444444444445 -0.1425925925925926 -0.2722222222222222 -0.03888888888888889 -0.11666666666666667 -0.06481481481481481 -0.09074074074074075 -0.07777777777777778 -0.09074074074074075 0.0 -0.03888888888888889 -0.012962962962962963 -0.1037037037037037 -0.1425925925925926 -0.23333333333333334 -0.09074074074074075 -0.06481481481481481 -0.1037037037037037 -0.09074074074074075 -0.2074074074074074 -0.15555555555555556 0.9222222222222223 0.7796296296296297 -0.05185185185185185 0.0 0.0 -0.03888888888888889 -0.03888888888888889 -0.1425925925925926 -0.03888888888888889 -0.2074074074074074 -0.06481481481481481 0.624074074074074
-0.07407407407407407 -0.02962962962962963 -0.05185185185185185 -0.02962962962962963 -0.007407407407407408 0.0 -0.08888888888888889 -0.06666666666666667 -0.0962962962962963 -0.022222222222222223 -0.07407407407407407 -0.08148148148148149 -0.02962962962962963 -0.022222222222222223 -0.02962962962962963 -0.05185185185185185 -0.1259259259259259 -0.022222222222222223 -0.044444444444444446 -0.1259259259259259 -0.05185185185185185 0.9555555555555556 -0.1111111111111111 0.9555555555555556 -0.044444444444444446 -0.05925925925925926 -0.037037037037037035 -0.11851851851851852 -0.044444444444444446 -0.14074074074074075 0.0 -0.1037037037037037 -0.07407407407407407 -0.1111111111111111 -0.08148148148148149 -0.15555555555555556 -0.022222222222222223 -0.06666666666666667 -0.037037037037037035 -0.05185185185185185 0.9555555555555556 -0.05185185185185185 0.0 -0.022222222222222223 -0.007407407407407408 -0.05925925925925926 -0.08148148148148149 -0.13333333333333333 -0.05185185185185185 -0.037037037037037035 -0.05925925925925926 -0.05185185185185185 -0.11851851851851852 -0.08888888888888889 -0.044444444444444446 -0.1259259259259259 -0.02962962962962963 0.0 0.0 -0.022222222222222223 -0.022222222222222223 -0.08148148148148149 -0.022222222222222223 -0.11851851851851852 0.962962962962963 -0.21481481481481482
-0.018518518518518517 -0.007407407407407408 -0.012962962962962963 -0.007407407407407408 -0.001851851851851852 0.0 -0.022222222222222223 -0.016666666666666666 -0.024074074074074074 -0.005555555555555556 -0.018518518518518517 -0.020370370370370372 -0.007407407407407408 -0.005555555555555556 -0.007407407407407408 -0.012962962962962963 -0.03148148148148148 -0.005555555555555556 -0.011111111111111112 -0.03148148148148148 -0.012962962962962963 -0.011111111111111112 -0.027777777777777776 -0.011111111111111112 -0.011111111111111112 -0.014814814814814815 -0.009259259259259259 -0.02962962962962963 -0.011111111111111112 -0.03518518518518519 0.0 -0.025925925925925925 -0.018518518518518517 -0.027777777777777776 -0.020370370370370372 -0.03888888888888889 -0.005555555555555556 -0.016666666666666666 -0.009259259259259259 -0.012962962962962963 -0.011111111111111112 -0.012962962962962963 0.0 -0.005555555555555556 -0.001851851851851852 0.9851851851851852 -0.020370370370370372 -0.03333333333333333 -0.012962962962962963 -0.009259259259259259 -0.014814814814814815 -0.012962962962962963 -0.02962962962962963 -0.022222222222222223 -0.011111111111111112 -0.03148148148148148 -0.007407407407407408 0.0 0.0 -0.005555555555555556 -0.005555555555555556 -0.020370370370370372 -0.005555555555555556 -0.02962962962962963 -0.009259259259259259 -0.053703703703703705
0.0 0.0 0.0 0.0 0.0 0.0 0.0 0.0 0.0 0.0 0.0 0.0 0.0 0.0 0.0 0.0 0.0 0.0 0.0 0.0 0.0 0.0 0.0 0.0 0.0 0.0 0.0 0.0 0.0 0.0 0.0 0.0 0.0 0.0 0.0 0.0 0.0 0.0 0.0 0.0 0.0 0.0 0.0 0.0 0.0 0.0 0.0 0.0 0.0 0.0 0.0 0.0 0.0 0.0 0.0 0.0 0.0 0.0 0.0 0.0 0.0 0.0 0.0 0.0 0.0 0.0
-0.2222222222222222 -0.08888888888888889 0.8444444444444444 -0.08888888888888889 -0.022222222222222223 0.0 -0.26666666666666666 -0.2 -0.28888888888888886 -0.06666666666666667 -0.2222222222222222 -0.24444444444444444 -0.08888888888888889 -0.06666666666666667 -0.08888888888888889 -0.15555555555555556 0.6222222222222222 -0.06666666666666667 0.8666666666666667 0.6222222222222222 -0.15555555555555556 -0.13333333333333333 -0.3333333333333333 -0.13333333333333333 -0.13333333333333333 -0.17777777777777778 -0.1111111111111111 0.6444444444444444 -0.13333333333333333 0.5777777777777777 0.0 -0.3111111111111111 -0.2222222222222222 -0.3333333333333333 -0.24444444444444444 0.5333333333333333 -0.06666666666666667 -0.2 -0.1111111111111111 -0.15555555555555556 -0.13333333333333333 -0.15555555555555556 0.0 -0.06666666666666667 0.9777777777777777 -0.17777777777777778 0.7555555555555555 -0.4 -0.15555555555555556 -0.1111111111111111 -0.17777777777777778 -0.15555555555555556 -0.35555555555555557 -0.26666666666666666 0.8666666666666667 0.6222222222222222 -0.08888888888888889 0.0 0.0 -0.06666666666666667 -0.06666666666666667 -0.24444444444444444 -0.06666666666666667 -0.35555555555555557 -0.1111111111111111 0.3555555555555555
-0.16666666666666666 -0.06666666666666667 -0.11666666666666667 -0.06666666666666667 -0.016666666666666666 0.0 -0.2 -0.15 -0.21666666666666667 -0.05 0.8333333333333334 0.8166666666666667 -0.06666666666666667 -0.05 -0.06666666666666667 -0.11666666666666667 -0.2833333333333333 -0.05 -0.1 -0.2833333333333333 -0.11666666666666667 -0.1 -0.25 -0.1 -0.1 -0.13333333333333333 -0.08333333333333333 -0.26666666666666666 -0.1 -0.31666666666666665 0.0 -0.23333333333333334 0.8333333333333334 -0.25 -0.18333333333333332 -0.35 -0.05 0.85 -0.08333333333333333 -0.11666666666666667 -0.1 -0.11666666666666667 0.0 -0.05 -0.016666666666666666 -0.13333333333333333 0.8166666666666667 -0.3 -0.11666666666666667 -0.08333333333333333 0.8666666666666667 -0.11666666666666667 -0.26666666666666666 0.8 -0.1 -0.2833333333333333 -0.06666666666666667 0.0 0.0 -0.05 -0.05 0.8166666666666667 -0.05 -0.26666666666666666 -0.08333333333333333 0.5166666666666666
-0.24074074074074073 -0.0962962962962963 -0.1685185185185185 -0.0962962962962963 -0.024074074074074074 0.0 -0.28888888888888886 -0.21666666666666667 -0.31296296296296294 -0.07222222222222222 -0.24074074074074073 -0.26481481481481484 -0.0962962962962963 -0.07222222222222222 -0.0962962962962963 -0.1685185185185185 0.5907407407407408 -0.07222222222222222 -0.14444444444444443 0.5907407407407408 -0.1685185185185185 -0.14444444444444443 0.6388888888888888 -0.14444444444444443 -0.14444444444444443 -0.1925925925925926 -0.12037037037037036 -0.3851851851851852 -0.14444444444444443 0.5425925925925925 0.0 0.662962962962963 -0.24074074074074073 0.6388888888888888 -0.26481481481481484 0.49444444444444446 -0.07222222222222222 -0.21666666666666667 -0.12037037037037036 -0.1685185185185185 -0.14444444444444443 -0.1685185185185185 0.0 -0.07222222222222222 -0.024074074074074074 -0.1925925925925926 -0.26481481481481484 0.5666666666666667 -0.1685185185185185 -0.12037037037037036 -0.1925925925925926 -0.1685185185185185 0.6148148148148148 -0.28888888888888886 -0.14444444444444443 0.5907407407407408 -0.0962962962962963 0.0 0.0 0.9277777777777778 -0.07222222222222222 -0.26481481481481484 -0.07222222222222222 0.6148148148148148 -0.12037037037037036 0.3018518518518518
-0.05555555555555555 0.9777777777777777 -0.03888888888888889 -0.022222222222222223 -0.005555555555555556 0.0 -0.06666666666666667 -0.05 -0.07222222222222222 -0.016666666666666666 -0.05555555555555555 -0.06111111111111111 -0.022222222222222223 0.9833333333333333 -0.022222222222222223 -0.03888888888888889 -0.09444444444444444 0.9833333333333333 -0.03333333333333333 -0.09444444444444444 -0.03888888888888889 -0.03333333333333333 -0.08333333333333333 -0.03333333333333333 -0.03333333333333333 -0.044444444444444446 -0.027777777777777776 -0.08888888888888889 -0.03333333333333333 -0.10555555555555556 0.0 -0.07777777777777778 -0.05555555555555555 -0.08333333333333333 -0.06111111111111111 -0.11666666666666667 -0.016666666666666666 -0.05 -0.027777777777777776 -0.03888888888888889 -0.03333333333333333 -0.03888888888888889 0.0 -0.016666666666666666 -0.005555555555555556 -0.044444444444444446 -0.06111111111111111 -0.1 -0.03888888888888889 -0.027777777777777776 -0.044444444444444446 -0.03888888888888889 -0.08888888888888889 -0.06666666666666667 -0.03333333333333333 -0.09444444444444444 -0.022222222222222223 0.0 0.0 -0.016666666666666666 -0.016666666666666666 -0.06111111111111111 -0.016666666666666666 -0.08888888888888889 -0.027777777777777776 -0.16111111111111112
-0.18518518518518517 -0.07407407407407407 -0.12962962962962962 -0.07407407407407407 -0.018518518518518517 0.0 -0.2222222222222222 0.8333333333333334 -0.24074074074074073 -0.05555555555555555 -0.18518518518518517 0.7962962962962963 -0.07407407407407407 -0.05555555555555555 -0.07407407407407407 -0.12962962962962962 -0.3148148148148148 -0.05555555555555555 -0.1111111111111111 -0.3148148148148148 -0.12962962962962962 -0.1111111111111111 -0.2777777777777778 -0.1111111111111111 -0.1111111111111111 -0.14814814814814814 -0.09259259259259259 -0.2962962962962963 -0.1111111111111111 -0.35185185185185186 0.0 -0.25925925925925924 0.8148148148148149 -0.2777777777777778 -0.2037037037037037 -0.3888888888888889 -0.05555555555555555 0.8333333333333334 -0.09259259259259259 -0.12962962962962962 -0.1111111111111111 0.8703703703703703 0.0 -0.05555555555555555 -0.018518518518518517 -0.14814814814814814 -0.2037037037037037 -0.3333333333333333 0.8703703703703703 -0.09259259259259259 0.8518518518518519 -0.12962962962962962 -0.2962962962962963 0.7777777777777778 -0.1111111111111111 -0.3148148148148148 -0.07407407407407407 0.0 0.0 -0.05555555555555555 -0.05555555555555555 0.7962962962962963 -0.05555555555555555 -0.2962962962962963 -0.09259259259259259 0.4629629629629629
-0.2037037037037037 -0.08148148148148149 -0.1425925925925926 -0.08148148148148149 -0.020370370370370372 0.0 -0.24444444444444444 0.8166666666666667 -0.26481481481481484 -0.06111111111111111 0.7962962962962963 -0.22407407407407406 -0.08148148148148149 -0.06111111111111111 -0.08148148148148149 -0.1425925925925926 -0.34629629629629627 -0.06111111111111111 -0.12222222222222222 -0.34629629629629627 -0.1425925925925926 -0.12222222222222222 -0.3055555555555556 -0.12222222222222222 -0.12222222222222222 -0.16296296296296298 -0.10185185185185185 -0.32592592592592595 -0.12222222222222222 -0.387037037037037 0.0 -0.2851851851851852 0.7962962962962963 -0.3055555555555556 -0.22407407407407406 -0.42777777777777776 -0.06111111111111111 0.8166666666666667 -0.10185185185185185 -0.1425925925925926 -0.12222222222222222 0.8574074074074074 0.0 -0.06111111111111111 -0.020370370370370372 -0.16296296296296298 0.7759259259259259 -0.36666666666666664 0.8574074074074074 -0.10185185185185185 0.837037037037037 -0.1425925925925926 -0.32592592592592595 0.7555555555555555 -0.12222222222222222 -0.34629629629629627 -0.08148148148148149 0.0 0.0 -0.06111111111111111 -0.06111111111111111 0.7759259259259259 -0.06111111111111111 -0.32592592592592595 -0.10185185185185185 0.4092592592592592
-0.07407407407407407 -0.02962962962962963 -0.05185185185185185 -0.02962962962962963 -0.007407407407407408 0.0 -0.08888888888888889 -0.06666666666666667 -0.0962962962962963 -0.022222222222222223 -0.07407407407407407 -0.08148148148148149 -0.02962962962962963 -0.022222222222222223 -0.02962962962962963 -0.05185185185185185 -0.1259259259259259 -0.022222222222222223 -0.044444444444444446 -0.1259259259259259 -0.05185185185185185 -0.044444444444444446 -0.1111111111111111 -0.044444444444444446 -0.044444444444444446 -0.05925925925925926 -0.037037037037037035 -0.11851851851851852 -0.044444444444444446 -0.14074074074074075 0.0 -0.1037037037037037 -0.07407407407407407 -0.1111111111111111 -0.08148148148148149 -0.15555555555555556 -0.022222222222222223 -0.06666666666666667 -0.037037037037037035 -0.05185185185185185 -0.044444444444444446 -0.05185185185185185 0.0 0.9777777777777777 -0.007407407407407408 -0.05925925925925926 -0.08148148148148149 -0.13333333333333333 -0.05185185185185185 -0.037037037037037035 -0.05925925925925926 -0.05185185185185185 -0.11851851851851852 -0.08888888888888889 -0.044444444444444446 -0.1259259259259259 0.9703703703703703 0.0 0.0 -0.022222222222222223 0.9777777777777777 -0.08148148148148149 -0.022222222222222223 -0.11851851851851852 -0.037037037037037035 0.7851851851851852
-0.05555555555555555 0.9777777777777777 -0.03888888888888889 -0.022222222222222223 -0.005555555555555556 0.0 -0.06666666666666667 -0.05 -0.07222222222222222 0.9833333333333333 -0.05555555555555555 -0.06111111111111111 -0.022222222222222223 -0.016666666666666666 -0.022222222222222223 -0.03888888888888889 -0.09444444444444444 0.9833333333333333 -0.03333333333333333 -0.09444444444444444 -0.03888888888888889 -0.03333333333333333 -0.08333333333333333 -0.03333333333333333 -0.03333333333333333 -0.044444444444444446 -0.027777777777777776 -0.08888888888888889 -0.03333333333333333 -0.10555555555555556 0.0 -0.07777777777777778 -0.05555555555555555 -0.08333333333333333 -0.06111111111111111 -0.11666666666666667 -0.016666666666666666 -0.05 -0.027777777777777776 -0.03888888888888889 -0.03333333333333333 -0.03888888888888889 0.0 -0.016666666666666666 -0.005555555555555556 -0.044444444444444446 -0.06111111111111111 -0.1 -0.03888888888888889 -0.027777777777777776 -0.044444444444444446 -0.03888888888888889 -0.08888888888888889 -0.06666666666666667 -0.03333333333333333 -0.09444444444444444 -0.022222222222222223 0.0 0.0 -0.016666666666666666 -0.016666666666666666 -0.06111111111111111 -0.016666666666666666 -0.08888888888888889 -0.027777777777777776 -0.16111111111111112
-0.07407407407407407 -0.02962962962962963 -0.05185185185185185 -0.02962962962962963 -0.007407407407407408 0.0 -0.08888888888888889 -0.06666666666666667 -0.0962962962962963 -0.022222222222222223 -0.07407407407407407 -0.08148148148148149 -0.02962962962962963 -0.022222222222222223 -0.02962962962962963 -0.05185185185185185 -0.1259259259259259 -0.022222222222222223 -0.044444444444444446 -0.1259259259259259 -0.05185185185185185 -0.044444444444444446 -0.1111111111111111 -0.044444444444444446 -0.044444444444444446 -0.05925925925925926 -0.037037037037037035 -0.11851851851851852 -0.044444444444444446 -0.14074074074074075 0.0 -0.1037037037037037 -0.07407407407407407 -0.1111111111111111 -0.08148148148148149 -0.15555555555555556 -0.022222222222222223 -0.06666666666666667 0.962962962962963 -0.05185185185185185 0.9555555555555556 -0.05185185185185185 0.0 -0.022222222222222223 -0.007407407407407408 -0.05925925925925926 -0.08148148148148149 -0.13333333333333333 -0.05185185185185185 -0.037037037037037035 -0.05925925925925926 -0.05185185185185185 -0.11851851851851852 -0.08888888888888889 -0.044444444444444446 -0.1259259259259259 -0.02962962962962963 0.0 0.0 -0.022222222222222223 -0.022222222222222223 -0.08148148148148149 0.9777777777777777 -0.11851851851851852 0.962962962962963 -0.21481481481481482
-0.12962962962962962 -0.05185185185185185 -0.09074074074074075 -0.05185185185185185 -0.012962962962962963 0.0 -0.15555555555555556 -0.11666666666666667 -0.1685185185185185 -0.03888888888888889 -0.12962962962962962 -0.1425925925925926 -0.05185185185185185 -0.03888888888888889 -0.05185185185185185 -0.09074074074074075 -0.22037037037037038 -0.03888888888888889 -0.07777777777777778 -0.22037037037037038 0.9092592592592592 -0.07777777777777778 -0.19444444444444445 -0.07777777777777778 0.9222222222222223 -0.1037037037037037 0.9351851851851852 -0.2074074074074074 0.9222222222222223 -0.2462962962962963 0.0 -0.1814814814814815 -0.12962962962962962 -0.19444444444444445 -0.1425925925925926 -0.2722222222222222 0.9611111111111111 -0.11666666666666667 -0.06481481481481481 -0.09074074074074075 -0.07777777777777778 -0.09074074074074075 0.0 -0.03888888888888889 -0.012962962962962963 0.8962962962962963 -0.1425925925925926 -0.23333333333333334 -0.09074074074074075 0.9351851851851852 -0.1037037037037037 -0.09074074074074075 -0.2074074074074074 -0.15555555555555556 -0.07777777777777778 -0.22037037037037038 -0.05185185185185185 0.0 0.0 -0.03888888888888889 -0.03888888888888889 -0.1425925925925926 -0.03888888888888889 -0.2074074074074074 -0.06481481481481481 -0.37592592592592594
-0.3148148148148148 -0.1259259259259259 -0.22037037037037038 -0.1259259259259259 -0.03148148148148148 0.0 0.6222222222222222 -0.2833333333333333 0.5907407407407408 -0.09444444444444444 -0.3148148148148148 -0.34629629629629627 -0.1259259259259259 -0.09444444444444444 -0.1259259259259259 -0.22037037037037038 -0.5351851851851852 -0.09444444444444444 -0.18888888888888888 0.4648148148148148 -0.22037037037037038 -0.18888888888888888 0.5277777777777778 -0.18888888888888888 -0.18888888888888888 -0.2518518518518518 -0.1574074074074074 0.49629629629629635 -0.18888888888888888 0.4018518518518519 0.0 0.5592592592592592 -0.3148148148148148 0.5277777777777778 0.6537037037037037 0.3388888888888889 -0.09444444444444444 -0.2833333333333333 -0.1574074074074074 -0.22037037037037038 -0.18888888888888888 -0.22037037037037038 0.0 -0.09444444444444444 -0.03148148148148148 -0.2518518518518518 0.6537037037037037 0.43333333333333335 -0.22037037037037038 -0.1574074074074074 -0.2518518518518518 0.7796296296296297 0.49629629629629635 -0.37777777777777777 0.8111111111111111 -0.5351851851851852 -0.1259259259259259 0.0 0.0 -0.09444444444444444 -0.09444444444444444 -0.34629629629629627 -0.09444444444444444 0.49629629629629635 -0.1574074074074074 0.08703703703703702
-0.05555555555555555 0.9777777777777777 -0.03888888888888889 -0.022222222222222223 -0.005555555555555556 0.0 -0.06666666666666667 -0.05 -0.07222222222222222 0.9833333333333333 -0.05555555555555555 -0.06111111111111111 -0.022222222222222223 0.9833333333333333 -0.022222222222222223 -0.03888888888888889 -0.09444444444444444 -0.016666666666666666 -0.03333333333333333 -0.09444444444444444 -0.03888888888888889 -0.03333333333333333 -0.08333333333333333 -0.03333333333333333 -0.03333333333333333 -0.044444444444444446 -0.027777777777777776 -0.08888888888888889 -0.03333333333333333 -0.10555555555555556 0.0 -0.07777777777777778 -0.05555555555555555 -0.08333333333333333 -0.06111111111111111 -0.11666666666666667 -0.016666666666666666 -0.05 -0.027777777777777776 -0.03888888888888889 -0.03333333333333333 -0.03888888888888889 0.0 -0.016666666666666666 -0.005555555555555556 -0.044444444444444446 -0.06111111111111111 -0.1 -0.03888888888888889 -0.027777777777777776 -0.044444444444444446 -0.03888888888888889 -0.08888888888888889 -0.06666666666666667 -0.03333333333333333 -0.09444444444444444 -0.022222222222222223 0.0 0.0 -0.016666666666666666 -0.016666666666666666 -0.06111111111111111 -0.016666666666666666 -0.08888888888888889 -0.027777777777777776 -0.16111111111111112
-0.1111111111111111 -0.044444444444444446 0.9222222222222223 -0.044444444444444446 -0.011111111111111112 0.0 0.8666666666666667 -0.1 -0.14444444444444443 -0.03333333333333333 -0.1111111111111111 -0.12222222222222222 -0.044444444444444446 -0.03333333333333333 -0.044444444444444446 -0.07777777777777778 -0.18888888888888888 -0.03333333333333333 -0.06666666666666667 0.8111111111111111 -0.07777777777777778 -0.06666666666666667 -0.16666666666666666 -0.06666666666666667 -0.06666666666666667 -0.08888888888888889 -0.05555555555555555 -0.17777777777777778 -0.06666666666666667 -0.2111111111111111 0.0 -0.15555555555555556 -0.1111111111111111 -0.16666666666666666 -0.12222222222222222 -0.23333333333333334 -0.03333333333333333 -0.1 -0.05555555555555555 -0.07777777777777778 -0.06666666666666667 -0.07777777777777778 0.0 -0.03333333333333333 -0.011111111111111112 -0.08888888888888889 -0.12222222222222222 -0.2 -0.07777777777777778 -0.05555555555555555 -0.08888888888888889 -0.07777777777777778 -0.17777777777777778 -0.13333333333333333 0.9333333333333333 0.8111111111111111 -0.044444444444444446 0.0 0.0 -0.03333333333333333 -0.03333333333333333 -0.12222222222222222 -0.03333333333333333 -0.17777777777777778 -0.05555555555555555 0.6777777777777778
-0.3148148148148148 -0.1259259259259259 0.7796296296296297 -0.1259259259259259 -0.03148148148148148 0.0 0.6222222222222222 -0.2833333333333333 0.5907407407407408 -0.09444444444444444 -0.3148148148148148 -0.34629629629629627 -0.1259259259259259 -0.09444444444444444 -0.1259259259259259 -0.22037037037037038 0.4648148148148148 -0.09444444444444444 0.8111111111111111 -0.5351851851851852 -0.22037037037037038 -0.18888888888888888 0.5277777777777778 -0.18888888888888888 -0.18888888888888888 -0.2518518518518518 -0.1574074074074074 0.49629629629629635 -0.18888888888888888 0.4018518518518519 0.0 0.5592592592592592 -0.3148148148148148 0.5277777777777778 -0.34629629629629627 0.3388888888888889 -0.09444444444444444 -0.2833333333333333 -0.1574074074074074 -0.22037037037037038 -0.18888888888888888 -0.22037037037037038 0.0 -0.09444444444444444 -0.03148148148148148 -0.2518518518518518 0.6537037037037037 0.43333333333333335 -0.22037037037037038 -0.1574074074074074 -0.2518518518518518 -0.22037037037037038 0.49629629629629635 -0.37777777777777777 0.8111111111111111 0.4648148148148148 -0.1259259259259259 0.0 0.0 -0.09444444444444444 -0.09444444444444444 -0.34629629629629627 -0.09444444444444444 -0.5037037037037037 -0.1574074074074074 0.08703703703703702
-0.12962962962962962 -0.05185185185185185 -0.09074074074074075 -0.05185185185185185 -0.012962962962962963 0.0 -0.15555555555555556 -0.11666666666666667 -0.1685185185185185 -0.03888888888888889 -0.12962962962962962 -0.1425925925925926 -0.05185185185185185 -0.03888888888888889 -0.05185185185185185 0.9092592592592592 -0.22037037037037038 -0.03888888888888889 -0.07777777777777778 -0.22037037037037038 -0.09074074074074075 -0.07777777777777778 -0.19444444444444445 -0.07777777777777778 0.9222222222222223 -0.1037037037037037 0.9351851851851852 -0.2074074074074074 0.9222222222222223 -0.2462962962962963 0.0 -0.1814814814814815 -0.12962962962962962 -0.19444444444444445 -0.1425925925925926 -0.2722222222222222 0.9611111111111111 -0.11666666666666667 -0.06481481481481481 -0.09074074074074075 -0.07777777777777778 -0.09074074074074075 0.0 -0.03888888888888889 -0.012962962962962963 0.8962962962962963 -0.1425925925925926 -0.23333333333333334 -0.09074074074074075 0.9351851851851852 -0.1037037037037037 -0.09074074074074075 -0.2074074074074074 -0.15555555555555556 -0.07777777777777778 -0.22037037037037038 -0.05185185185185185 0.0 0.0 -0.03888888888888889 -0.03888888888888889 -0.1425925925925926 -0.03888888888888889 -0.2074074074074074 -0.06481481481481481 -0.37592592592592594
-0.1111111111111111 -0.044444444444444446 -0.07777777777777778 0.9555555555555556 -0.011111111111111112 0.0 -0.13333333333333333 -0.1 -0.14444444444444443 -0.03333333333333333 -0.1111111111111111 -0.12222222222222222 -0.044444444444444446 -0.03333333333333333 -0.044444444444444446 -0.07777777777777778 -0.18888888888888888 -0.03333333333333333 -0.06666666666666667 -0.18888888888888888 -0.07777777777777778 -0.06666666666666667 -0.16666666666666666 0.9333333333333333 -0.06666666666666667 -0.08888888888888889 -0.05555555555555555 -0.17777777777777778 -0.06666666666666667 -0.2111111111111111 0.0 -0.15555555555555556 -0.1111111111111111 -0.16666666666666666 -0.12222222222222222 -0.23333333333333334 -0.03333333333333333 -0.1 0.9444444444444444 -0.07777777777777778 0.9333333333333333 -0.07777777777777778 0.0 -0.03333333333333333 -0.011111111111111112 -0.08888888888888889 -0.12222222222222222 -0.2 -0.07777777777777778 -0.05555555555555555 -0.08888888888888889 -0.07777777777777778 -0.17777777777777778 -0.13333333333333333 -0.06666666666666667 -0.18888888888888888 -0.044444444444444446 0.0 0.0 -0.03333333333333333 -0.03333333333333333 -0.12222222222222222 0.9666666666666667 -0.17777777777777778 0.9444444444444444 -0.32222222222222224
-0.2777777777777778 -0.1111111111111111 -0.19444444444444445 -0.1111111111111111 -0.027777777777777776 0.0 -0.3333333333333333 -0.25 0.6388888888888888 -0.08333333333333333 -0.2777777777777778 -0.3055555555555556 -0.1111111111111111 -0.08333333333333333 -0.1111111111111111 -0.19444444444444445 0.5277777777777778 -0.08333333333333333 -0.16666666666666666 0.5277777777777778 -0.19444444444444445 -0.16666666666666666 -0.4166666666666667 -0.16666666666666666 -0.16666666666666666 0.7777777777777778 -0.1388888888888889 -0.4444444444444444 -0.16666666666666666 0.4722222222222222 0.0 0.6111111111111112 -0.2777777777777778 0.5833333333333333 -0.3055555555555556 0.41666666666666663 -0.08333333333333333 -0.25 -0.1388888888888889 0.8055555555555556 -0.16666666666666666 -0.19444444444444445 0.0 -0.08333333333333333 -0.027777777777777776 -0.2222222222222222 0.6944444444444444 0.5 -0.19444444444444445 -0.1388888888888889 -0.2222222222222222 -0.19444444444444445 0.5555555555555556 -0.3333333333333333 -0.16666666666666666 0.5277777777777778 -0.1111111111111111 0.0 0.0 -0.08333333333333333 -0.08333333333333333 -0.3055555555555556 -0.08333333333333333 0.5555555555555556 -0.1388888888888889 0.19444444444444442
-0.1111111111111111 0.9555555555555556 -0.07777777777777778 0.9555555555555556 -0.011111111111111112 0.0 -0.13333333333333333 -0.1 -0.14444444444444443 -0.03333333333333333 -0.1111111111111111 -0.12222222222222222 -0.044444444444444446 -0.03333333333333333 -0.044444444444444446 -0.07777777777777778 -0.18888888888888888 -0.03333333333333333 -0.06666666666666667 -0.18888888888888888 -0.07777777777777778 0.9333333333333333 -0.16666666666666666 -0.06666666666666667 -0.06666666666666667 -0.08888888888888889 -0.05555555555555555 -0.17777777777777778 -0.06666666666666667 -0.2111111111111111 0.0 -0.15555555555555556 -0.1111111111111111 -0.16666666666666666 -0.12222222222222222 -0.23333333333333334 -0.03333333333333333 -0.1 0.9444444444444444 -0.07777777777777778 0.9333333333333333 -0.07777777777777778 0.0 -0.03333333333333333 -0.011111111111111112 -0.08888888888888889 -0.12222222222222222 -0.2 -0.07777777777777778 -0.05555555555555555 -0.08888888888888889 -0.07777777777777778 -0.17777777777777778 -0.13333333333333333 -0.06666666666666667 -0.18888888888888888 -0.044444444444444446 0.0 0.0 -0.03333333333333333 -0.03333333333333333 -0.12222222222222222 -0.03333333333333333 -0.17777777777777778 0.9444444444444444 -0.32222222222222224
-0.1111111111111111 -0.044444444444444446 -0.07777777777777778 -0.044444444444444446 -0.011111111111111112 0.0 -0.13333333333333333 -0.1 -0.14444444444444443 -0.03333333333333333 -0.1111111111111111 -0.12222222222222222 -0.044444444444444446 -0.03333333333333333 -0.044444444444444446 0.9222222222222223 -0.18888888888888888 -0.03333333333333333 -0.06666666666666667 -0.18888888888888888 0.9222222222222223 -0.06666666666666667 -0.16666666666666666 -0.06666666666666667 -0.06666666666666667 -0.08888888888888889 0.9444444444444444 -0.17777777777777778 0.9333333333333333 -0.2111111111111111 0.0 -0.15555555555555556 -0.1111111111111111 -0.16666666666666666 -0.12222222222222222 -0.23333333333333334 -0.03333333333333333 -0.1 -0.05555555555555555 -0.07777777777777778 -0.06666666666666667 -0.07777777777777778 0.0 -0.03333333333333333 -0.011111111111111112 0.9111111111111111 -0.12222222222222222 -0.2 -0.07777777777777778 0.9444444444444444 -0.08888888888888889 -0.07777777777777778 -0.17777777777777778 -0.13333333333333333 -0.06666666666666667 -0.18888888888888888 -0.044444444444444446 0.0 0.0 -0.03333333333333333 -0.03333333333333333 -0.12222222222222222 -0.03333333333333333 -0.17777777777777778 -0.05555555555555555 -0.32222222222222224
-0.14814814814814814 -0.05925925925925926 -0.1037037037037037 -0.05925925925925926 -0.014814814814814815 0.0 -0.17777777777777778 -0.13333333333333333 -0.1925925925925926 -0.044444444444444446 -0.14814814814814814 -0.16296296296296298 -0.05925925925925926 -0.044444444444444446 -0.05925925925925926 -0.1037037037037037 -0.2518518518518518 -0.044444444444444446 -0.08888888888888889 -0.2518518518518518 -0.1037037037037037 -0.08888888888888889 0.7777777777777778 -0.08888888888888889 -0.08888888888888889 -0.11851851851851852 -0.07407407407407407 -0.23703703703703705 -0.08888888888888889 0.7185185185185186 0.0 -0.2074074074074074 -0.14814814814814814 -0.2222222222222222 -0.16296296296296298 0.6888888888888889 -0.044444444444444446 -0.13333333333333333 -0.07407407407407407 0.8962962962962963 -0.08888888888888889 -0.1037037037037037 0.0 -0.044444444444444446 -0.014814814814814815 -0.11851851851851852 -0.16296296296296298 0.7333333333333334 -0.1037037037037037 -0.07407407407407407 -0.11851851851851852 -0.1037037037037037 0.762962962962963 -0.17777777777777778 -0.08888888888888889 -0.2518518518518518 -0.05925925925925926 0.0 0.0 -0.044444444444444446 -0.044444444444444446 -0.16296296296296298 -0.044444444444444446 0.762962962962963 -0.07407407407407407 0.5703703703703704
-0.09259259259259259 -0.037037037037037035 -0.06481481481481481 -0.037037037037037035 -0.009259259259259259 0.0 -0.1111111111111111 -0.08333333333333333 -0.12037037037037036 -0.027777777777777776 -0.09259259259259259 -0.10185185185185185 -0.037037037037037035 -0.027777777777777776 -0.037037037037037035 0.9351851851851852 -0.1574074074074074 -0.027777777777777776 -0.05555555555555555 -0.1574074074074074 0.9351851851851852 -0.05555555555555555 -0.1388888888888889 -0.05555555555555555 0.9444444444444444 -0.07407407407407407 -0.046296296296296294 -0.14814814814814814 0.9444444444444444 -0.17592592592592593 0.0 -0.12962962962962962 -0.09259259259259259 -0.1388888888888889 -0.10185185185185185 -0.19444444444444445 -0.027777777777777776 -0.08333333333333333 -0.046296296296296294 -0.06481481481481481 -0.05555555555555555 -0.06481481481481481 0.0 -0.027777777777777776 -0.009259259259259259 0.9259259259259259 -0.10185185185185185 -0.16666666666666666 -0.06481481481481481 -0.046296296296296294 -0.07407407407407407 -0.06481481481481481 -0.14814814814814814 -0.1111111111111111 -0.05555555555555555 -0.1574074074074074 -0.037037037037037035 0.0 0.0 -0.027777777777777776 -0.027777777777777776 -0.10185185185185185 -0.027777777777777776 -0.14814814814814814 -0.046296296296296294 -0.26851851851851855
0.7037037037037037 -0.11851851851851852 0.7925925925925926 -0.11851851851851852 -0.02962962962962963 0.0 0.6444444444444444 -0.26666666666666666 -0.3851851851851852 -0.08888888888888889 -0.2962962962962963 -0.32592592592592595 -0.11851851851851852 -0.08888888888888889 -0.11851851851851852 -0.2074074074074074 0.49629629629629635 -0.08888888888888889 -0.17777777777777778 0.49629629629629635 -0.2074074074074074 -0.17777777777777778 -0.4444444444444444 -0.17777777777777778 -0.17777777777777778 -0.23703703703703705 -0.14814814814814814 -0.4740740740740741 -0.17777777777777778 0.437037037037037 0.0 0.5851851851851853 -0.2962962962962963 0.5555555555555556 0.674074074074074 0.37777777777777777 -0.08888888888888889 -0.26666666666666666 -0.14814814814814814 -0.2074074074074074 -0.17777777777777778 -0.2074074074074074 0.0 -0.08888888888888889 -0.02962962962962963 -0.23703703703703705 -0.32592592592592595 0.4666666666666667 -0.2074074074074074 -0.14814814814814814 -0.23703703703703705 0.7925925925925926 0.5259259259259259 -0.35555555555555557 -0.17777777777777778 0.49629629629629635 -0.11851851851851852 0.0 0.0 -0.08888888888888889 -0.08888888888888889 -0.32592592592592595 -0.08888888888888889 0.5259259259259259 -0.14814814814814814 0.14074074074074072
-0.1111111111111111 -0.044444444444444446 -0.07777777777777778 -0.044444444444444446 -0.011111111111111112 0.0 -0.13333333333333333 -0.1 -0.14444444444444443 -0.03333333333333333 -0.1111111111111111 -0.12222222222222222 -0.044444444444444446 -0.03333333333333333 -0.044444444444444446 0.9222222222222223 -0.18888888888888888 -0.03333333333333333 -0.06666666666666667 -0.18888888888888888 0.9222222222222223 -0.06666666666666667 -0.16666666666666666 -0.06666666666666667 0.9333333333333333 -0.08888888888888889 0.9444444444444444 -0.17777777777777778 -0.06666666666666667 -0.2111111111111111 0.0 -0.15555555555555556 -0.1111111111111111 -0.16666666666666666 -0.12222222222222222 -0.23333333333333334 -0.03333333333333333 -0.1 -0.05555555555555555 -0.07777777777777778 -0.06666666666666667 -0.07777777777777778 0.0 -0.03333333333333333 -0.011111111111111112 0.9111111111111111 -0.12222222222222222 -0.2 -0.07777777777777778 0.9444444444444444 -0.08888888888888889 -0.07777777777777778 -0.17777777777777778 -0.13333333333333333 -0.06666666666666667 -0.18888888888888888 -0.044444444444444446 0.0 0.0 -0.03333333333333333 -0.03333333333333333 -0.12222222222222222 -0.03333333333333333 -0.17777777777777778 -0.05555555555555555 -0.32222222222222224
0.6481481481481481 -0.14074074074074075 -0.2462962962962963 -0.14074074074074075 -0.03518518518518519 0.0 0.5777777777777777 -0.31666666666666665 0.5425925925925925 -0.10555555555555556 -0.35185185185185186 -0.387037037037037 -0.14074074074074075 -0.10555555555555556 -0.14074074074074075 -0.2462962962962963 0.4018518518518519 -0.10555555555555556 -0.2111111111111111 0.4018518518518519 -0.2462962962962963 -0.2111111111111111 0.4722222222222222 -0.2111111111111111 -0.2111111111111111 0.7185185185185186 -0.17592592592592593 0.437037037037037 -0.2111111111111111 -0.6685185185185185 0.0 0.5074074074074074 -0.35185185185185186 0.4722222222222222 0.6129629629629629 0.26111111111111107 -0.10555555555555556 -0.31666666666666665 -0.17592592592592593 0.7537037037037038 -0.2111111111111111 -0.2462962962962963 0.0 -0.10555555555555556 -0.03518518518518519 -0.2814814814814815 -0.387037037037037 0.3666666666666667 -0.2462962962962963 -0.17592592592592593 -0.2814814814814815 0.7537037037037038 0.437037037037037 -0.4222222222222222 -0.2111111111111111 0.4018518518518519 -0.14074074074074075 0.0 0.0 -0.10555555555555556 -0.10555555555555556 -0.387037037037037 -0.10555555555555556 0.437037037037037 -0.17592592592592593 -0.020370370370370372
0.0 0.0 0.0 0.0 0.0 0.0 0.0 0.0 0.0 0.0 0.0 0.0 0.0 0.0 0.0 0.0 0.0 0.0 0.0 0.0 0.0 0.0 0.0 0.0 0.0 0.0 0.0 0.0 0.0 0.0 0.0 0.0 0.0 0.0 0.0 0.0 0.0 0.0 0.0 0.0 0.0 0.0 0.0 0.0 0.0 0.0 0.0 0.0 0.0 0.0 0.0 0.0 0.0 0.0 0.0 0.0 0.0 0.0 0.0 0.0 0.0 0.0 0.0 0.0 0.0 0.0
-0.25925925925925924 -0.1037037037037037 -0.1814814814814815 -0.1037037037037037 -0.025925925925925925 0.0 -0.3111111111111111 -0.23333333333333334 0.662962962962963 -0.07777777777777778 -0.25925925925925924 -0.2851851851851852 -0.1037037037037037 -0.07777777777777778 -0.1037037037037037 -0.1814814814814815 0.5592592592592592 -0.07777777777777778 -0.15555555555555556 0.5592592592592592 -0.1814814814814815 -0.15555555555555556 0.6111111111111112 -0.15555555555555556 -0.15555555555555556 -0.2074074074074074 -0.12962962962962962 0.5851851851851853 -0.15555555555555556 0.5074074074074074 0.0 -0.362962962962963 -0.25925925925925924 0.6111111111111112 0.7148148148148148 0.4555555555555556 -0.07777777777777778 -0.23333333333333334 -0.12962962962962962 -0.1814814814814815 -0.15555555555555556 -0.1814814814814815 0.0 -0.07777777777777778 -0.025925925925925925 -0.2074074074074074 -0.2851851851851852 0.5333333333333333 -0.1814814814814815 -0.12962962962962962 -0.2074074074074074 -0.1814814814814815 0.5851851851851853 -0.3111111111111111 -0.15555555555555556 0.5592592592592592 -0.1037037037037037 0.0 0.0 -0.07777777777777778 -0.07777777777777778 -0.2851851851851852 -0.07777777777777778 0.5851851851851853 -0.12962962962962962 0.24814814814814812
-0.18518518518518517 -0.07407407407407407 -0.12962962962962962 -0.07407407407407407 -0.018518518518518517 0.0 -0.2222222222222222 0.8333333333333334 -0.24074074074074073 -0.05555555555555555 0.8148148148148149 0.7962962962962963 -0.07407407407407407 -0.05555555555555555 -0.07407407407407407 -0.12962962962962962 -0.3148148148148148 -0.05555555555555555 -0.1111111111111111 -0.3148148148148148 -0.12962962962962962 -0.1111111111111111 -0.2777777777777778 -0.1111111111111111 -0.1111111111111111 -0.14814814814814814 -0.09259259259259259 -0.2962962962962963 -0.1111111111111111 -0.35185185185185186 0.0 -0.25925925925925924 -0.18518518518518517 -0.2777777777777778 -0.2037037037037037 -0.3888888888888889 -0.05555555555555555 0.8333333333333334 -0.09259259259259259 -0.12962962962962962 -0.1111111111111111 0.8703703703703703 0.0 -0.05555555555555555 -0.018518518518518517 -0.14814814814814814 -0.2037037037037037 -0.3333333333333333 0.8703703703703703 -0.09259259259259259 0.8518518518518519 -0.12962962962962962 -0.2962962962962963 0.7777777777777778 -0.1111111111111111 -0.3148148148148148 -0.07407407407407407 0.0 0.0 -0.05555555555555555 -0.05555555555555555 0.7962962962962963 -0.05555555555555555 -0.2962962962962963 -0.09259259259259259 0.4629629629629629
