(66, 66)
0.0 0.6666666666666667 0.2886751345948129 0.8164965809277259 0.16012815380508716 0.4364357804719848 0.18257418583505536 0.0 0.40824829046386296 0.3651483716701107 0.5163977794943222 0.40824829046386296 0.8164965809277259 0.5163977794943222 0.8164965809277259 0.16012815380508716 0.2886751345948129 0.5163977794943222 0.6666666666666667 0.40824829046386296 0.3651483716701107 0.40824829046386296 0.0 0.20412414523193148 0.0 0.18257418583505536 0.19245008972987526 0.33333333333333337 0.4364357804719848 0.3086066999241839 0.0 0.0 0.2886751345948129 0.17407765595569785 0.0 0.3202563076101743 0.18257418583505536 0.40824829046386296 0.8164965809277259 0.40824829046386296 0.19245008972987526 0.0 0.8164965809277259 0.19245008972987526 0.0 0.16666666666666669 0.40824829046386296 0.0 0.0 0.40824829046386296 0.15430334996209194 0.0 0.40824829046386296 0.40824829046386296 0.0 0.3651483716701107 0.4364357804719848 0.33333333333333337 0.5163977794943222 0.2886751345948129 0.40824829046386296 0.5477225575051661 0.8164965809277259 0.40824829046386296 0.17407765595569785 0.3202563076101743
0.6666666666666667 0.0 0.2886751345948129 0.8164965809277259 0.16012815380508716 0.4364357804719848 0.18257418583505536 0.19245008972987526 0.40824829046386296 0.3651483716701107 0.5163977794943222 0.40824829046386296 0.8164965809277259 0.5163977794943222 0.8164965809277259 0.16012815380508716 0.2886751345948129 0.5163977794943222 0.6666666666666667 0.40824829046386296 0.3651483716701107 0.40824829046386296 0.0 0.40824829046386296 0.0 0.18257418583505536 0.19245008972987526 0.0 0.4364357804719848 0.15430334996209194 0.0 0.0 0.2886751345948129 0.0 0.0 0.16012815380508716 0.18257418583505536 0.40824829046386296 0.8164965809277259 0.40824829046386296 0.3849001794597505 0.0 0.8164965809277259 0.19245008972987526 0.0 0.16666666666666669 0.40824829046386296 0.0 0.0 0.40824829046386296 0.3086066999241839 0.0 0.20412414523193148 0.40824829046386296 0.0 0.3651483716701107 0.4364357804719848 0.33333333333333337 0.5163977794943222 0.2886751345948129 0.40824829046386296 0.5477225575051661 0.8164965809277259 0.40824829046386296 0.3481553119113957 0.3202563076101743
0.2886751345948129 0.2886751345948129 0.0 0.35355339059327373 0.2773500981126146 0.5669467095138409 0.31622776601683794 0.5 0.0 0.4743416490252569 0.6708203932499369 0.0 0.35355339059327373 0.4472135954999579 0.35355339059327373 0.41602514716892186 0.75 0.22360679774997896 0.2886751345948129 0.0 0.31622776601683794 0.5303300858899106 0.35355339059327373 0.5303300858899106 0.5 0.4743416490252569 0.16666666666666666 0.2886751345948129 0.3779644730092272 0.5345224838248488 0.0 0.0 0.25 0.45226701686664544 0.5303300858899106 0.2773500981126146 0.31622776601683794 0.0 0.35355339059327373 0.7071067811865475 0.3333333333333333 0.35355339059327373 0.35355339059327373 0.6666666666666666 0.35355339059327373 0.43301270189221935 0.7071067811865475 0.35355339059327373 0.35355339059327373 0.0 0.2672612419124244 0.35355339059327373 0.7071067811865475 0.0 0.45226701686664544 0.4743416490252569 0.5669467095138409 0.0 0.22360679774997896 0.0 0.35355339059327373 0.4743416490252569 0.35355339059327373 0.7071067811865475 0.30151134457776363 0.41602514716892186
0.8164965809277259 0.8164965809277259 0.35355339059327373 0.0 0.19611613513818402 0.5345224838248487 0.22360679774997896 0.0 0.4999999999999999 0.4472135954999579 0.6324555320336759 0.4999999999999999 0.9999999999999998 0.6324555320336759 0.9999999999999998 0.19611613513818402 0.35355339059327373 0.6324555320336759 0.8164965809277259 0.4999999999999999 0.4472135954999579 0.4999999999999999 0.0 0.24999999999999994 0.0 0.22360679774997896 0.2357022603955158 0.0 0.5345224838248487 0.1889822365046136 0.0 0.0 0.35355339059327373 0.0 0.0 0.19611613513818402 0.22360679774997896 0.4999999999999999 0.9999999999999998 0.4999999999999999 0.2357022603955158 0.0 0.9999999999999998 0.2357022603955158 0.0 0.20412414523193148 0.4999999999999999 0.0 0.0 0.4999999999999999 0.1889822365046136 0.0 0.24999999999999994 0.4999999999999999 0.0 0.4472135954999579 0.5345224838248487 0.40824829046386296 0.6324555320336759 0.35355339059327373 0.4999999999999999 0.4472135954999579 0.9999999999999998 0.4999999999999999 0.21320071635561041 0.39223227027636803
0.16012815380508716 0.16012815380508716 0.2773500981126146 0.19611613513818402 0.0 0.5241424183609592 0.43852900965351466 0.36980013081681945 0.39223227027636803 0.5262348115842176 0.3721042037676254 0.39223227027636803 0.19611613513818402 0.24806946917841693 0.19611613513818402 0.3846153846153847 0.1386750490563073 0.3721042037676254 0.16012815380508716 0.39223227027636803 0.3508232077228117 0.39223227027636803 0.19611613513818402 0.19611613513818402 0.0 0.17541160386140586 0.4622501635210243 0.16012815380508716 0.4193139346887673 0.22237479499833038 0.0 0.2773500981126146 0.41602514716892186 0.41812100500354543 0.294174202707276 0.3846153846153847 0.6139406135149205 0.39223227027636803 0.19611613513818402 0.0 0.4622501635210243 0.19611613513818402 0.19611613513818402 0.4622501635210243 0.19611613513818402 0.4003203845127179 0.0 0.19611613513818402 0.19611613513818402 0.39223227027636803 0.5188745216627709 0.19611613513818402 0.19611613513818402 0.39223227027636803 0.3344968040028363 0.2631174057921088 0.4193139346887673 0.3202563076101743 0.12403473458920847 0.2773500981126146 0.39223227027636803 0.5262348115842176 0.19611613513818402 0.0 0.5017452060042545 0.5384615384615385
0.4364357804719848 0.4364357804719848 0.5669467095138409 0.5345224838248487 0.5241424183609592 0.0 0.47809144373375745 0.3779644730092272 0.26726124191242434 0.7171371656006361 0.6761234037828131 0.26726124191242434 0.5345224838248487 0.5070925528371099 0.5345224838248487 0.3144854510165755 0.3779644730092272 0.5070925528371099 0.4364357804719848 0.26726124191242434 0.47809144373375745 0.6681531047810609 0.0 0.26726124191242434 0.0 0.23904572186687872 0.3779644730092272 0.0 0.5714285714285714 0.30304576336566325 0.0 0.0 0.3779644730092272 0.3418817293789138 0.26726124191242434 0.4193139346887673 0.47809144373375745 0.26726124191242434 0.5345224838248487 0.26726124191242434 0.3779644730092272 0.0 0.5345224838248487 0.5039526306789696 0.0 0.3273268353539886 0.26726124191242434 0.0 0.0 0.26726124191242434 0.40406101782088427 0.0 0.40089186286863654 0.26726124191242434 0.3418817293789138 0.47809144373375745 0.7142857142857142 0.2182178902359924 0.33806170189140655 0.1889822365046136 0.5345224838248487 0.5976143046671968 0.5345224838248487 0.26726124191242434 0.3418817293789138 0.628970902033151
0.18257418583505536 0.18257418583505536 0.31622776601683794 0.22360679774997896 0.43852900965351466 0.47809144373375745 0.0 0.4216370213557839 0.4472135954999579 0.3999999999999999 0.42426406871192845 0.4472135954999579 0.22360679774997896 0.42426406871192845 0.22360679774997896 0.17541160386140586 0.31622776601683794 0.28284271247461895 0.3651483716701107 0.4472135954999579 0.29999999999999993 0.33541019662496846 0.22360679774997896 0.22360679774997896 0.0 0.19999999999999996 0.21081851067789195 0.18257418583505536 0.23904572186687872 0.3380617018914066 0.0 0.31622776601683794 0.4743416490252569 0.5720775535473553 0.5590169943749475 0.6139406135149205 0.3999999999999999 0.4472135954999579 0.22360679774997896 0.0 0.4216370213557839 0.22360679774997896 0.22360679774997896 0.31622776601683794 0.22360679774997896 0.18257418583505536 0.0 0.22360679774997896 0.22360679774997896 0.4472135954999579 0.4225771273642583 0.22360679774997896 0.4472135954999579 0.4472135954999579 0.7627700713964739 0.3999999999999999 0.35856858280031806 0.3651483716701107 0.14142135623730948 0.31622776601683794 0.22360679774997896 0.29999999999999993 0.22360679774997896 0.0 0.38138503569823695 0.3508232077228117
0.0 0.19245008972987526 0.5 0.0 0.36980013081681945 0.3779644730092272 0.4216370213557839 0.0 0.2357022603955158 0.31622776601683794 0.29814239699997197 0.2357022603955158 0.0 0.14907119849998599 0.0 0.2773500981126146 0.3333333333333333 0.14907119849998599 0.0 0.2357022603955158 0.31622776601683794 0.2357022603955158 0.4714045207910316 0.35355339059327373 0.3333333333333333 0.31622776601683794 0.2222222222222222 0.3849001794597505 0.2519763153394848 0.2672612419124244 0.0 0.3333333333333333 0.3333333333333333 0.6030226891555273 0.5892556509887895 0.2773500981126146 0.4216370213557839 0.2357022603955158 0.0 0.2357022603955158 0.4444444444444444 0.4714045207910316 0.0 0.3333333333333333 0.4714045207910316 0.28867513459481287 0.2357022603955158 0.4714045207910316 0.4714045207910316 0.2357022603955158 0.7126966450997984 0.4714045207910316 0.35355339059327373 0.2357022603955158 0.502518907629606 0.21081851067789195 0.3779644730092272 0.19245008972987526 0.0 0.16666666666666666 0.2357022603955158 0.31622776601683794 0.0 0.2357022603955158 0.40201512610368484 0.2773500981126146
0.40824829046386296 0.40824829046386296 0.0 0.4999999999999999 0.39223227027636803 0.26726124191242434 0.4472135954999579 0.2357022603955158 0.0 0.22360679774997896 0.31622776601683794 0.9999999999999998 0.4999999999999999 0.31622776601683794 0.4999999999999999 0.0 0.0 0.31622776601683794 0.40824829046386296 0.9999999999999998 0.22360679774997896 0.24999999999999994 0.4999999999999999 0.0 0.0 0.0 0.2357022603955158 0.40824829046386296 0.26726124191242434 0.0 0.0 0.7071067811865475 0.7071067811865475 0.21320071635561041 0.24999999999999994 0.39223227027636803 0.4472135954999579 0.9999999999999998 0.4999999999999999 0.0 0.4714045207910316 0.4999999999999999 0.4999999999999999 0.0 0.4999999999999999 0.0 0.0 0.4999999999999999 0.4999999999999999 0.9999999999999998 0.3779644730092272 0.4999999999999999 0.0 0.9999999999999998 0.21320071635561041 0.22360679774997896 0.26726124191242434 0.8164965809277259 0.31622776601683794 0.7071067811865475 0.24999999999999994 0.22360679774997896 0.4999999999999999 0.0 0.42640143271122083 0.19611613513818402
0.3651483716701107 0.3651483716701107 0.4743416490252569 0.4472135954999579 0.5262348115842176 0.7171371656006361 0.3999999999999999 0.31622776601683794 0.22360679774997896 0.0 0.5656854249492379 0.22360679774997896 0.4472135954999579 0.7071067811865475 0.4472135954999579 0.3508232077228117 0.4743416490252569 0.7071067811865475 0.3651483716701107 0.22360679774997896 0.4999999999999999 0.5590169943749475 0.0 0.22360679774997896 0.0 0.29999999999999993 0.31622776601683794 0.0 0.47809144373375745 0.4225771273642583 0.0 0.0 0.31622776601683794 0.38138503569823695 0.33541019662496846 0.2631174057921088 0.5999999999999999 0.22360679774997896 0.4472135954999579 0.22360679774997896 0.4216370213557839 0.0 0.4472135954999579 0.4216370213557839 0.0 0.3651483716701107 0.22360679774997896 0.0 0.0 0.22360679774997896 0.4225771273642583 0.0 0.4472135954999579 0.22360679774997896 0.28603877677367767 0.3999999999999999 0.5976143046671968 0.18257418583505536 0.28284271247461895 0.15811388300841897 0.4472135954999579 0.4999999999999999 0.4472135954999579 0.22360679774997896 0.38138503569823695 0.5262348115842176
0.5163977794943222 0.5163977794943222 0.6708203932499369 0.6324555320336759 0.3721042037676254 0.6761234037828131 0.42426406871192845 0.29814239699997197 0.31622776601683794 0.5656854249492379 0.0 0.31622776601683794 0.6324555320336759 0.5999999999999999 0.6324555320336759 0.24806946917841693 0.4472135954999579 0.3999999999999999 0.5163977794943222 0.31622776601683794 0.42426406871192845 0.6324555320336759 0.0 0.4743416490252569 0.0 0.28284271247461895 0.29814239699997197 0.0 0.5070925528371099 0.35856858280031806 0.0 0.0 0.4472135954999579 0.26967994498529685 0.31622776601683794 0.3721042037676254 0.42426406871192845 0.31622776601683794 0.6324555320336759 0.31622776601683794 0.4472135954999579 0.0 0.6324555320336759 0.5962847939999439 0.0 0.2581988897471611 0.31622776601683794 0.0 0.0 0.31622776601683794 0.47809144373375745 0.0 0.4743416490252569 0.31622776601683794 0.26967994498529685 0.5656854249492379 0.6761234037828131 0.2581988897471611 0.3999999999999999 0.22360679774997896 0.6324555320336759 0.7071067811865475 0.6324555320336759 0.31622776601683794 0.40451991747794525 0.6201736729460423
0.40824829046386296 0.40824829046386296 0.0 0.4999999999999999 0.39223227027636803 0.26726124191242434 0.4472135954999579 0.2357022603955158 0.9999999999999998 0.22360679774997896 0.31622776601683794 0.0 0.4999999999999999 0.31622776601683794 0.4999999999999999 0.0 0.0 0.31622776601683794 0.40824829046386296 0.9999999999999998 0.22360679774997896 0.24999999999999994 0.4999999999999999 0.0 0.0 0.0 0.2357022603955158 0.40824829046386296 0.26726124191242434 0.0 0.0 0.7071067811865475 0.7071067811865475 0.21320071635561041 0.24999999999999994 0.39223227027636803 0.4472135954999579 0.9999999999999998 0.4999999999999999 0.0 0.4714045207910316 0.4999999999999999 0.4999999999999999 0.0 0.4999999999999999 0.0 0.0 0.4999999999999999 0.4999999999999999 0.9999999999999998 0.3779644730092272 0.4999999999999999 0.0 0.9999999999999998 0.21320071635561041 0.22360679774997896 0.26726124191242434 0.8164965809277259 0.31622776601683794 0.7071067811865475 0.24999999999999994 0.22360679774997896 0.4999999999999999 0.0 0.42640143271122083 0.19611613513818402
0.8164965809277259 0.8164965809277259 0.35355339059327373 0.9999999999999998 0.19611613513818402 0.5345224838248487 0.22360679774997896 0.0 0.4999999999999999 0.4472135954999579 0.6324555320336759 0.4999999999999999 0.0 0.6324555320336759 0.9999999999999998 0.19611613513818402 0.35355339059327373 0.6324555320336759 0.8164965809277259 0.4999999999999999 0.4472135954999579 0.4999999999999999 0.0 0.24999999999999994 0.0 0.22360679774997896 0.2357022603955158 0.0 0.5345224838248487 0.1889822365046136 0.0 0.0 0.35355339059327373 0.0 0.0 0.19611613513818402 0.22360679774997896 0.4999999999999999 0.9999999999999998 0.4999999999999999 0.2357022603955158 0.0 0.9999999999999998 0.2357022603955158 0.0 0.20412414523193148 0.4999999999999999 0.0 0.0 0.4999999999999999 0.1889822365046136 0.0 0.24999999999999994 0.4999999999999999 0.0 0.4472135954999579 0.5345224838248487 0.40824829046386296 0.6324555320336759 0.35355339059327373 0.4999999999999999 0.4472135954999579 0.9999999999999998 0.4999999999999999 0.21320071635561041 0.39223227027636803
0.5163977794943222 0.5163977794943222 0.4472135954999579 0.6324555320336759 0.24806946917841693 0.5070925528371099 0.42426406871192845 0.14907119849998599 0.31622776601683794 0.7071067811865475 0.5999999999999999 0.31622776601683794 0.6324555320336759 0.0 0.6324555320336759 0.24806946917841693 0.6708203932499369 0.5999999999999999 0.5163977794943222 0.31622776601683794 0.42426406871192845 0.4743416490252569 0.0 0.31622776601683794 0.0 0.14142135623730948 0.14907119849998599 0.0 0.33806170189140655 0.35856858280031806 0.0 0.0 0.4472135954999579 0.26967994498529685 0.31622776601683794 0.24806946917841693 0.28284271247461895 0.31622776601683794 0.6324555320336759 0.31622776601683794 0.29814239699997197 0.0 0.6324555320336759 0.29814239699997197 0.0 0.12909944487358055 0.31622776601683794 0.0 0.0 0.31622776601683794 0.23904572186687872 0.0 0.4743416490252569 0.31622776601683794 0.26967994498529685 0.42426406871192845 0.5070925528371099 0.2581988897471611 0.3999999999999999 0.22360679774997896 0.4743416490252569 0.42426406871192845 0.6324555320336759 0.31622776601683794 0.26967994498529685 0.3721042037676254
0.8164965809277259 0.8164965809277259 0.35355339059327373 0.9999999999999998 0.19611613513818402 0.5345224838248487 0.22360679774997896 0.0 0.4999999999999999 0.4472135954999579 0.6324555320336759 0.4999999999999999 0.9999999999999998 0.6324555320336759 0.0 0.19611613513818402 0.35355339059327373 0.6324555320336759 0.8164965809277259 0.4999999999999999 0.4472135954999579 0.4999999999999999 0.0 0.24999999999999994 0.0 0.22360679774997896 0.2357022603955158 0.0 0.5345224838248487 0.1889822365046136 0.0 0.0 0.35355339059327373 0.0 0.0 0.19611613513818402 0.22360679774997896 0.4999999999999999 0.9999999999999998 0.4999999999999999 0.2357022603955158 0.0 0.9999999999999998 0.2357022603955158 0.0 0.20412414523193148 0.4999999999999999 0.0 0.0 0.4999999999999999 0.1889822365046136 0.0 0.24999999999999994 0.4999999999999999 0.0 0.4472135954999579 0.5345224838248487 0.40824829046386296 0.6324555320336759 0.35355339059327373 0.4999999999999999 0.4472135954999579 0.9999999999999998 0.4999999999999999 0.21320071635561041 0.39223227027636803
0.16012815380508716 0.16012815380508716 0.41602514716892186 0.19611613513818402 0.3846153846153847 0.3144854510165755 0.17541160386140586 0.2773500981126146 0.0 0.3508232077228117 0.24806946917841693 0.0 0.19611613513818402 0.24806946917841693 0.19611613513818402 0.0 0.41602514716892186 0.24806946917841693 0.16012815380508716 0.0 0.6139406135149205 0.19611613513818402 0.19611613513818402 0.39223227027636803 0.2773500981126146 0.2631174057921088 0.36980013081681945 0.16012815380508716 0.3144854510165755 0.2964997266644405 0.0 0.0 0.1386750490563073 0.25087260300212727 0.19611613513818402 0.15384615384615385 0.5262348115842176 0.0 0.19611613513818402 0.39223227027636803 0.36980013081681945 0.19611613513818402 0.19611613513818402 0.36980013081681945 0.19611613513818402 0.6405126152203486 0.39223227027636803 0.19611613513818402 0.19611613513818402 0.0 0.2964997266644405 0.19611613513818402 0.294174202707276 0.0 0.3344968040028363 0.17541160386140586 0.4193139346887673 0.0 0.12403473458920847 0.0 0.39223227027636803 0.2631174057921088 0.19611613513818402 0.39223227027636803 0.3344968040028363 0.3846153846153847
0.2886751345948129 0.2886751345948129 0.75 0.35355339059327373 0.1386750490563073 0.3779644730092272 0.31622776601683794 0.3333333333333333 0.0 0.4743416490252569 0.4472135954999579 0.0 0.35355339059327373 0.6708203932499369 0.35355339059327373 0.41602514716892186 0.0 0.4472135954999579 0.2886751345948129 0.0 0.31622776601683794 0.35355339059327373 0.35355339059327373 0.5303300858899106 0.5 0.31622776601683794 0.0 0.2886751345948129 0.1889822365046136 0.5345224838248488 0.0 0.0 0.25 0.45226701686664544 0.5303300858899106 0.1386750490563073 0.15811388300841897 0.0 0.35355339059327373 0.7071067811865475 0.16666666666666666 0.35355339059327373 0.35355339059327373 0.5 0.35355339059327373 0.2886751345948129 0.7071067811865475 0.35355339059327373 0.35355339059327373 0.0 0.1336306209562122 0.35355339059327373 0.7071067811865475 0.0 0.45226701686664544 0.31622776601683794 0.3779644730092272 0.0 0.22360679774997896 0.0 0.35355339059327373 0.31622776601683794 0.35355339059327373 0.7071067811865475 0.15075567228888181 0.2773500981126146
0.5163977794943222 0.5163977794943222 0.22360679774997896 0.6324555320336759 0.3721042037676254 0.5070925528371099 0.28284271247461895 0.14907119849998599 0.31622776601683794 0.7071067811865475 0.3999999999999999 0.31622776601683794 0.6324555320336759 0.5999999999999999 0.6324555320336759 0.24806946917841693 0.4472135954999579 0.0 0.5163977794943222 0.31622776601683794 0.42426406871192845 0.31622776601683794 0.0 0.15811388300841897 0.0 0.14142135623730948 0.29814239699997197 0.0 0.5070925528371099 0.23904572186687872 0.0 0.0 0.22360679774997896 0.26967994498529685 0.15811388300841897 0.12403473458920847 0.42426406871192845 0.31622776601683794 0.6324555320336759 0.31622776601683794 0.14907119849998599 0.0 0.6324555320336759 0.14907119849998599 0.0 0.2581988897471611 0.31622776601683794 0.0 0.0 0.31622776601683794 0.23904572186687872 0.0 0.31622776601683794 0.31622776601683794 0.13483997249264842 0.28284271247461895 0.5070925528371099 0.2581988897471611 0.3999999999999999 0.22360679774997896 0.4743416490252569 0.28284271247461895 0.6324555320336759 0.31622776601683794 0.13483997249264842 0.3721042037676254
0.6666666666666667 0.6666666666666667 0.2886751345948129 0.8164965809277259 0.16012815380508716 0.4364357804719848 0.3651483716701107 0.0 0.40824829046386296 0.3651483716701107 0.5163977794943222 0.40824829046386296 0.8164965809277259 0.5163977794943222 0.8164965809277259 0.16012815380508716 0.2886751345948129 0.5163977794943222 0.0 0.40824829046386296 0.3651483716701107 0.40824829046386296 0.0 0.20412414523193148 0.0 0.18257418583505536 0.19245008972987526 0.0 0.4364357804719848 0.15430334996209194 0.0 0.0 0.2886751345948129 0.0 0.0 0.16012815380508716 0.18257418583505536 0.40824829046386296 0.8164965809277259 0.40824829046386296 0.19245008972987526 0.0 0.8164965809277259 0.19245008972987526 0.0 0.16666666666666669 0.40824829046386296 0.0 0.0 0.40824829046386296 0.15430334996209194 0.0 0.20412414523193148 0.40824829046386296 0.0 0.3651483716701107 0.4364357804719848 0.33333333333333337 0.5163977794943222 0.2886751345948129 0.40824829046386296 0.3651483716701107 0.8164965809277259 0.40824829046386296 0.17407765595569785 0.3202563076101743
0.40824829046386296 0.40824829046386296 0.0 0.4999999999999999 0.39223227027636803 0.26726124191242434 0.4472135954999579 0.2357022603955158 0.9999999999999998 0.22360679774997896 0.31622776601683794 0.9999999999999998 0.4999999999999999 0.31622776601683794 0.4999999999999999 0.0 0.0 0.31622776601683794 0.40824829046386296 0.0 0.22360679774997896 0.24999999999999994 0.4999999999999999 0.0 0.0 0.0 0.2357022603955158 0.40824829046386296 0.26726124191242434 0.0 0.0 0.7071067811865475 0.7071067811865475 0.21320071635561041 0.24999999999999994 0.39223227027636803 0.4472135954999579 0.9999999999999998 0.4999999999999999 0.0 0.4714045207910316 0.4999999999999999 0.4999999999999999 0.0 0.4999999999999999 0.0 0.0 0.4999999999999999 0.4999999999999999 0.9999999999999998 0.3779644730092272 0.4999999999999999 0.0 0.9999999999999998 0.21320071635561041 0.22360679774997896 0.26726124191242434 0.8164965809277259 0.31622776601683794 0.7071067811865475 0.24999999999999994 0.22360679774997896 0.4999999999999999 0.0 0.42640143271122083 0.19611613513818402
0.3651483716701107 0.3651483716701107 0.31622776601683794 0.4472135954999579 0.3508232077228117 0.47809144373375745 0.29999999999999993 0.31622776601683794 0.22360679774997896 0.4999999999999999 0.42426406871192845 0.22360679774997896 0.4472135954999579 0.42426406871192845 0.4472135954999579 0.6139406135149205 0.31622776601683794 0.42426406871192845 0.3651483716701107 0.22360679774997896 0.0 0.33541019662496846 0.0 0.22360679774997896 0.0 0.29999999999999993 0.21081851067789195 0.0 0.35856858280031806 0.3380617018914066 0.0 0.0 0.31622776601683794 0.28603877677367767 0.11180339887498948 0.17541160386140586 0.4999999999999999 0.22360679774997896 0.4472135954999579 0.22360679774997896 0.31622776601683794 0.0 0.4472135954999579 0.21081851067789195 0.0 0.3651483716701107 0.22360679774997896 0.0 0.0 0.22360679774997896 0.4225771273642583 0.0 0.22360679774997896 0.22360679774997896 0.19069251784911848 0.29999999999999993 0.5976143046671968 0.18257418583505536 0.28284271247461895 0.15811388300841897 0.4472135954999579 0.29999999999999993 0.4472135954999579 0.22360679774997896 0.38138503569823695 0.3508232077228117
0.40824829046386296 0.40824829046386296 0.5303300858899106 0.4999999999999999 0.39223227027636803 0.6681531047810609 0.33541019662496846 0.2357022603955158 0.24999999999999994 0.5590169943749475 0.6324555320336759 0.24999999999999994 0.4999999999999999 0.4743416490252569 0.4999999999999999 0.19611613513818402 0.35355339059327373 0.31622776601683794 0.40824829046386296 0.24999999999999994 0.33541019662496846 0.0 0.0 0.4999999999999999 0.0 0.22360679774997896 0.35355339059327373 0.0 0.5345224838248487 0.2834733547569204 0.0 0.0 0.35355339059327373 0.21320071635561041 0.24999999999999994 0.294174202707276 0.33541019662496846 0.24999999999999994 0.4999999999999999 0.24999999999999994 0.4714045207910316 0.0 0.4999999999999999 0.4714045207910316 0.0 0.20412414523193148 0.24999999999999994 0.0 0.0 0.24999999999999994 0.2834733547569204 0.0 0.37499999999999994 0.24999999999999994 0.21320071635561041 0.4472135954999579 0.5345224838248487 0.20412414523193148 0.31622776601683794 0.17677669529663687 0.4999999999999999 0.5590169943749475 0.4999999999999999 0.24999999999999994 0.5330017908890261 0.49029033784546
0.0 0.0 0.35355339059327373 0.0 0.19611613513818402 0.0 0.22360679774997896 0.4714045207910316 0.4999999999999999 0.0 0.0 0.4999999999999999 0.0 0.0 0.0 0.19611613513818402 0.35355339059327373 0.0 0.0 0.4999999999999999 0.0 0.0 0.0 0.24999999999999994 0.7071067811865475 0.22360679774997896 0.0 0.8164965809277259 0.0 0.1889822365046136 0.0 0.7071067811865475 0.35355339059327373 0.42640143271122083 0.4999999999999999 0.19611613513818402 0.22360679774997896 0.4999999999999999 0.0 0.4999999999999999 0.2357022603955158 0.9999999999999998 0.0 0.2357022603955158 0.9999999999999998 0.20412414523193148 0.4999999999999999 0.9999999999999998 0.9999999999999998 0.4999999999999999 0.1889822365046136 0.9999999999999998 0.24999999999999994 0.4999999999999999 0.42640143271122083 0.0 0.0 0.40824829046386296 0.0 0.35355339059327373 0.0 0.0 0.0 0.4999999999999999 0.21320071635561041 0.0
0.20412414523193148 0.40824829046386296 0.5303300858899106 0.24999999999999994 0.19611613513818402 0.26726124191242434 0.22360679774997896 0.35355339059327373 0.0 0.22360679774997896 0.4743416490252569 0.0 0.24999999999999994 0.31622776601683794 0.24999999999999994 0.39223227027636803 0.5303300858899106 0.15811388300841897 0.20412414523193148 0.0 0.22360679774997896 0.4999999999999999 0.24999999999999994 0.0 0.35355339059327373 0.22360679774997896 0.0 0.20412414523193148 0.13363062095621217 0.2834733547569204 0.0 0.0 0.17677669529663687 0.21320071635561041 0.24999999999999994 0.19611613513818402 0.11180339887498948 0.0 0.24999999999999994 0.4999999999999999 0.35355339059327373 0.24999999999999994 0.24999999999999994 0.5892556509887895 0.24999999999999994 0.30618621784789724 0.4999999999999999 0.24999999999999994 0.24999999999999994 0.0 0.2834733547569204 0.24999999999999994 0.37499999999999994 0.0 0.31980107453341566 0.22360679774997896 0.26726124191242434 0.0 0.15811388300841897 0.0 0.4999999999999999 0.4472135954999579 0.24999999999999994 0.4999999999999999 0.42640143271122083 0.294174202707276
0.0 0.0 0.5 0.0 0.0 0.0 0.0 0.3333333333333333 0.0 0.0 0.0 0.0 0.0 0.0 0.0 0.2773500981126146 0.5 0.0 0.0 0.0 0.0 0.0 0.7071067811865475 0.35355339059327373 0.0 0.31622776601683794 0.0 0.5773502691896258 0.0 0.2672612419124244 0.0 0.0 0.0 0.30151134457776363 0.35355339059327373 0.0 0.0 0.0 0.0 0.7071067811865475 0.0 0.7071067811865475 0.0 0.3333333333333333 0.7071067811865475 0.2886751345948129 0.7071067811865475 0.7071067811865475 0.7071067811865475 0.0 0.0 0.7071067811865475 0.35355339059327373 0.0 0.30151134457776363 0.0 0.0 0.0 0.0 0.0 0.0 0.0 0.0 0.7071067811865475 0.0 0.0
0.18257418583505536 0.18257418583505536 0.4743416490252569 0.22360679774997896 0.17541160386140586 0.23904572186687872 0.19999999999999996 0.31622776601683794 0.0 0.29999999999999993 0.28284271247461895 0.0 0.22360679774997896 0.14142135623730948 0.22360679774997896 0.2631174057921088 0.31622776601683794 0.14142135623730948 0.18257418583505536 0.0 0.29999999999999993 0.22360679774997896 0.22360679774997896 0.22360679774997896 0.31622776601683794 0.0 0.10540925533894598 0.18257418583505536 0.23904572186687872 0.760638829255665 0.0 0.0 0.0 0.28603877677367767 0.4472135954999579 0.43852900965351466 0.19999999999999996 0.0 0.22360679774997896 0.4472135954999579 0.21081851067789195 0.22360679774997896 0.22360679774997896 0.31622776601683794 0.22360679774997896 0.3651483716701107 0.4472135954999579 0.22360679774997896 0.22360679774997896 0.0 0.253546276418555 0.22360679774997896 0.4472135954999579 0.0 0.28603877677367767 0.4999999999999999 0.23904572186687872 0.0 0.14142135623730948 0.0 0.11180339887498948 0.19999999999999996 0.22360679774997896 0.4472135954999579 0.28603877677367767 0.3508232077228117
0.19245008972987526 0.19245008972987526 0.16666666666666666 0.2357022603955158 0.4622501635210243 0.3779644730092272 0.21081851067789195 0.2222222222222222 0.2357022603955158 0.31622776601683794 0.29814239699997197 0.2357022603955158 0.2357022603955158 0.14907119849998599 0.2357022603955158 0.36980013081681945 0.0 0.29814239699997197 0.19245008972987526 0.2357022603955158 0.21081851067789195 0.35355339059327373 0.0 0.0 0.0 0.10540925533894598 0.0 0.0 0.629940788348712 0.0890870806374748 0.0 0.0 0.3333333333333333 0.20100756305184242 0.1178511301977579 0.18490006540840973 0.5270462766947299 0.2357022603955158 0.2357022603955158 0.0 0.4444444444444444 0.0 0.2357022603955158 0.1111111111111111 0.0 0.3849001794597505 0.0 0.0 0.0 0.2357022603955158 0.3563483225498992 0.0 0.1178511301977579 0.2357022603955158 0.20100756305184242 0.21081851067789195 0.3779644730092272 0.19245008972987526 0.14907119849998599 0.16666666666666666 0.35355339059327373 0.31622776601683794 0.2357022603955158 0.0 0.40201512610368484 0.5547001962252291
0.33333333333333337 0.0 0.2886751345948129 0.0 0.16012815380508716 0.0 0.18257418583505536 0.3849001794597505 0.40824829046386296 0.0 0.0 0.40824829046386296 0.0 0.0 0.0 0.16012815380508716 0.2886751345948129 0.0 0.0 0.40824829046386296 0.0 0.0 0.8164965809277259 0.20412414523193148 0.5773502691896258 0.18257418583505536 0.0 0.0 0.0 0.3086066999241839 0.0 0.5773502691896258 0.2886751345948129 0.5222329678670935 0.40824829046386296 0.3202563076101743 0.18257418583505536 0.40824829046386296 0.0 0.40824829046386296 0.19245008972987526 0.8164965809277259 0.0 0.19245008972987526 0.8164965809277259 0.16666666666666669 0.40824829046386296 0.8164965809277259 0.8164965809277259 0.40824829046386296 0.15430334996209194 0.8164965809277259 0.40824829046386296 0.40824829046386296 0.3481553119113957 0.0 0.0 0.33333333333333337 0.0 0.2886751345948129 0.0 0.18257418583505536 0.0 0.40824829046386296 0.17407765595569785 0.0
0.4364357804719848 0.4364357804719848 0.3779644730092272 0.5345224838248487 0.4193139346887673 0.5714285714285714 0.23904572186687872 0.2519763153394848 0.26726124191242434 0.47809144373375745 0.5070925528371099 0.26726124191242434 0.5345224838248487 0.33806170189140655 0.5345224838248487 0.3144854510165755 0.1889822365046136 0.5070925528371099 0.4364357804719848 0.26726124191242434 0.35856858280031806 0.5345224838248487 0.0 0.13363062095621217 0.0 0.23904572186687872 0.629940788348712 0.0 0.0 0.20203050891044214 0.0 0.0 0.1889822365046136 0.2279211529192759 0.13363062095621217 0.20965696734438366 0.35856858280031806 0.26726124191242434 0.5345224838248487 0.26726124191242434 0.2519763153394848 0.0 0.5345224838248487 0.2519763153394848 0.0 0.545544725589981 0.26726124191242434 0.0 0.0 0.26726124191242434 0.30304576336566325 0.0 0.26726124191242434 0.26726124191242434 0.11396057645963795 0.35856858280031806 0.5714285714285714 0.2182178902359924 0.33806170189140655 0.1889822365046136 0.40089186286863654 0.35856858280031806 0.5345224838248487 0.26726124191242434 0.2279211529192759 0.4193139346887673
0.3086066999241839 0.15430334996209194 0.5345224838248488 0.1889822365046136 0.22237479499833038 0.30304576336566325 0.3380617018914066 0.2672612419124244 0.0 0.4225771273642583 0.35856858280031806 0.0 0.1889822365046136 0.35856858280031806 0.1889822365046136 0.2964997266644405 0.5345224838248488 0.23904572186687872 0.15430334996209194 0.0 0.3380617018914066 0.2834733547569204 0.1889822365046136 0.2834733547569204 0.2672612419124244 0.760638829255665 0.0890870806374748 0.3086066999241839 0.20203050891044214 0.0 0.0 0.0 0.1336306209562122 0.5640760748177662 0.5669467095138409 0.592999453328881 0.253546276418555 0.0 0.1889822365046136 0.3779644730092272 0.2672612419124244 0.1889822365046136 0.1889822365046136 0.3563483225498992 0.1889822365046136 0.3086066999241839 0.3779644730092272 0.1889822365046136 0.1889822365046136 0.0 0.21428571428571427 0.1889822365046136 0.7559289460184544 0.0 0.48349377841522817 0.6761234037828132 0.40406101782088427 0.15430334996209194 0.11952286093343936 0.1336306209562122 0.1889822365046136 0.3380617018914066 0.1889822365046136 0.3779644730092272 0.3223291856101521 0.37062465833055064
0.0 0.0 0.0 0.0 0.0 0.0 0.0 0.0 0.0 0.0 0.0 0.0 0.0 0.0 0.0 0.0 0.0 0.0 0.0 0.0 0.0 0.0 0.0 0.0 0.0 0.0 0.0 0.0 0.0 0.0 0.0 0.0 0.0 0.0 0.0 0.0 0.0 0.0 0.0 0.0 0.0 0.0 0.0 0.0 0.0 0.0 0.0 0.0 0.0 0.0 0.0 0.0 0.0 0.0 0.0 0.0 0.0 0.0 0.0 0.0 0.0 0.0 0.0 0.0 0.0 0.0
0.0 0.0 0.0 0.0 0.2773500981126146 0.0 0.31622776601683794 0.3333333333333333 0.7071067811865475 0.0 0.0 0.7071067811865475 0.0 0.0 0.0 0.0 0.0 0.0 0.0 0.7071067811865475 0.0 0.0 0.7071067811865475 0.0 0.0 0.0 0.0 0.5773502691896258 0.0 0.0 0.0 0.0 0.5 0.30151134457776363 0.35355339059327373 0.2773500981126146 0.31622776601683794 0.7071067811865475 0.0 0.0 0.3333333333333333 0.7071067811865475 0.0 0.0 0.7071067811865475 0.0 0.0 0.7071067811865475 0.7071067811865475 0.7071067811865475 0.2672612419124244 0.7071067811865475 0.0 0.7071067811865475 0.30151134457776363 0.0 0.0 0.5773502691896258 0.0 0.5 0.0 0.0 0.0 0.0 0.30151134457776363 0.0
0.2886751345948129 0.2886751345948129 0.25 0.35355339059327373 0.41602514716892186 0.3779644730092272 0.4743416490252569 0.3333333333333333 0.7071067811865475 0.31622776601683794 0.4472135954999579 0.7071067811865475 0.35355339059327373 0.4472135954999579 0.35355339059327373 0.1386750490563073 0.25 0.22360679774997896 0.2886751345948129 0.7071067811865475 0.31622776601683794 0.35355339059327373 0.35355339059327373 0.17677669529663687 0.0 0.0 0.3333333333333333 0.2886751345948129 0.1889822365046136 0.1336306209562122 0.0 0.5 0.0 0.30151134457776363 0.35355339059327373 0.41602514716892186 0.4743416490252569 0.7071067811865475 0.35355339059327373 0.0 0.5 0.35355339059327373 0.35355339059327373 0.16666666666666666 0.35355339059327373 0.0 0.0 0.35355339059327373 0.35355339059327373 0.7071067811865475 0.4008918628686366 0.35355339059327373 0.17677669529663687 0.7071067811865475 0.30151134457776363 0.31622776601683794 0.3779644730092272 0.5773502691896258 0.22360679774997896 0.5 0.35355339059327373 0.31622776601683794 0.35355339059327373 0.0 0.45226701686664544 0.41602514716892186
0.17407765595569785 0.0 0.45226701686664544 0.0 0.41812100500354543 0.3418817293789138 0.5720775535473553 0.6030226891555273 0.21320071635561041 0.38138503569823695 0.26967994498529685 0.21320071635561041 0.0 0.26967994498529685 0.0 0.25087260300212727 0.45226701686664544 0.26967994498529685 0.0 0.21320071635561041 0.28603877677367767 0.21320071635561041 0.42640143271122083 0.21320071635561041 0.30151134457776363 0.28603877677367767 0.20100756305184242 0.5222329678670935 0.2279211529192759 0.5640760748177662 0.0 0.30151134457776363 0.30151134457776363 0.0 0.7462025072446364 0.41812100500354543 0.38138503569823695 0.21320071635561041 0.0 0.21320071635561041 0.30151134457776363 0.42640143271122083 0.0 0.40201512610368484 0.42640143271122083 0.26111648393354675 0.21320071635561041 0.42640143271122083 0.42640143271122083 0.21320071635561041 0.48349377841522817 0.42640143271122083 0.7462025072446364 0.21320071635561041 0.7272727272727273 0.38138503569823695 0.4558423058385518 0.3481553119113957 0.0 0.30151134457776363 0.21320071635561041 0.38138503569823695 0.0 0.21320071635561041 0.2727272727272727 0.41812100500354543
0.0 0.0 0.5303300858899106 0.0 0.294174202707276 0.26726124191242434 0.5590169943749475 0.5892556509887895 0.24999999999999994 0.33541019662496846 0.31622776601683794 0.24999999999999994 0.0 0.31622776601683794 0.0 0.19611613513818402 0.5303300858899106 0.15811388300841897 0.0 0.24999999999999994 0.11180339887498948 0.24999999999999994 0.4999999999999999 0.24999999999999994 0.35355339059327373 0.4472135954999579 0.1178511301977579 0.40824829046386296 0.13363062095621217 0.5669467095138409 0.0 0.35355339059327373 0.35355339059327373 0.7462025072446364 0.0 0.39223227027636803 0.33541019662496846 0.24999999999999994 0.0 0.24999999999999994 0.35355339059327373 0.4999999999999999 0.0 0.35355339059327373 0.4999999999999999 0.20412414523193148 0.24999999999999994 0.4999999999999999 0.4999999999999999 0.24999999999999994 0.3779644730092272 0.4999999999999999 0.7499999999999999 0.24999999999999994 0.7462025072446364 0.4472135954999579 0.40089186286863654 0.40824829046386296 0.0 0.35355339059327373 0.12499999999999997 0.22360679774997896 0.0 0.24999999999999994 0.31980107453341566 0.294174202707276
0.3202563076101743 0.16012815380508716 0.2773500981126146 0.19611613513818402 0.3846153846153847 0.4193139346887673 0.6139406135149205 0.2773500981126146 0.39223227027636803 0.2631174057921088 0.3721042037676254 0.39223227027636803 0.19611613513818402 0.24806946917841693 0.19611613513818402 0.15384615384615385 0.1386750490563073 0.12403473458920847 0.16012815380508716 0.39223227027636803 0.17541160386140586 0.294174202707276 0.19611613513818402 0.19611613513818402 0.0 0.43852900965351466 0.18490006540840973 0.3202563076101743 0.20965696734438366 0.592999453328881 0.0 0.2773500981126146 0.41602514716892186 0.41812100500354543 0.39223227027636803 0.0 0.3508232077228117 0.39223227027636803 0.19611613513818402 0.0 0.36980013081681945 0.19611613513818402 0.19611613513818402 0.2773500981126146 0.19611613513818402 0.16012815380508716 0.0 0.19611613513818402 0.19611613513818402 0.39223227027636803 0.2964997266644405 0.19611613513818402 0.39223227027636803 0.39223227027636803 0.5017452060042545 0.7016464154456235 0.3144854510165755 0.3202563076101743 0.12403473458920847 0.2773500981126146 0.19611613513818402 0.3508232077228117 0.19611613513818402 0.0 0.3344968040028363 0.3846153846153847
0.18257418583505536 0.18257418583505536 0.31622776601683794 0.22360679774997896 0.6139406135149205 0.47809144373375745 0.3999999999999999 0.4216370213557839 0.4472135954999579 0.5999999999999999 0.42426406871192845 0.4472135954999579 0.22360679774997896 0.28284271247461895 0.22360679774997896 0.5262348115842176 0.15811388300841897 0.42426406871192845 0.18257418583505536 0.4472135954999579 0.4999999999999999 0.33541019662496846 0.22360679774997896 0.11180339887498948 0.0 0.19999999999999996 0.5270462766947299 0.18257418583505536 0.35856858280031806 0.253546276418555 0.0 0.31622776601683794 0.4743416490252569 0.38138503569823695 0.33541019662496846 0.3508232077228117 0.0 0.4472135954999579 0.22360679774997896 0.0 0.7378647873726218 0.22360679774997896 0.22360679774997896 0.21081851067789195 0.22360679774997896 0.3651483716701107 0.0 0.22360679774997896 0.22360679774997896 0.4472135954999579 0.5916079783099616 0.22360679774997896 0.22360679774997896 0.4472135954999579 0.38138503569823695 0.29999999999999993 0.47809144373375745 0.3651483716701107 0.14142135623730948 0.31622776601683794 0.4472135954999579 0.3999999999999999 0.22360679774997896 0.0 0.6674238124719146 0.5262348115842176
0.40824829046386296 0.40824829046386296 0.0 0.4999999999999999 0.39223227027636803 0.26726124191242434 0.4472135954999579 0.2357022603955158 0.9999999999999998 0.22360679774997896 0.31622776601683794 0.9999999999999998 0.4999999999999999 0.31622776601683794 0.4999999999999999 0.0 0.0 0.31622776601683794 0.40824829046386296 0.9999999999999998 0.22360679774997896 0.24999999999999994 0.4999999999999999 0.0 0.0 0.0 0.2357022603955158 0.40824829046386296 0.26726124191242434 0.0 0.0 0.7071067811865475 0.7071067811865475 0.21320071635561041 0.24999999999999994 0.39223227027636803 0.4472135954999579 0.0 0.4999999999999999 0.0 0.4714045207910316 0.4999999999999999 0.4999999999999999 0.0 0.4999999999999999 0.0 0.0 0.4999999999999999 0.4999999999999999 0.9999999999999998 0.3779644730092272 0.4999999999999999 0.0 0.9999999999999998 0.21320071635561041 0.22360679774997896 0.26726124191242434 0.8164965809277259 0.31622776601683794 0.7071067811865475 0.24999999999999994 0.22360679774997896 0.4999999999999999 0.0 0.42640143271122083 0.19611613513818402
